[0.5605773781353526, 0.28849976336961664, 0.14798864174159962]
[0.560861334595362, 0.2855655466161855, 0.14491244675816375]
[0.5624230951254141, 0.2858810537939738, 0.14554346111374034]
[0.5608968291528632, 0.286239943208708, 0.14468764789398958]
[0.5610979649787032, 0.28598201609086604, 0.14457169900615238]
[0.5614292475153809, 0.2853683546300678, 0.14463637797759898]
[0.5615982692177676, 0.28566695963761746, 0.14452707727672234]
[0.5614174159962139, 0.28555371509701843, 0.14446284902981543]
[0.5615396750276069, 0.2849187569017195, 0.1443708261029605]
[0.5617699952673924, 0.28491717936583055, 0.14450070989115002]
[0.5616658778987222, 0.28868906767628966, 0.14675816374822528]
[0.5598911500236631, 0.28710364410790346, 0.1451964032181732]
[0.558731661145291, 0.28794762580848715, 0.14579586685597098]
[0.5584595362044487, 0.2884169427354472, 0.14590629436819688]
[0.5584666351159489, 0.28807382867960246, 0.14592522479886416]
[0.5582268496608298, 0.2882158069096072, 0.1458195298943051]
[0.5586167263876681, 0.2874856331552971, 0.14552768575485092]
[0.5597314245149078, 0.2877070515854236, 0.1463381448177946]
[0.5594836199190198, 0.2875427249303255, 0.14625861071672713]
[0.5599384761003313, 0.28723142451490774, 0.14614765735920493]
